Afghanistan 18.395 19.290 20.604 22.297 24.222 2014
Albania 12.144 12.876 13.764 14.813 15.997 2014
Algeria 168.318 178.431 184.189 189.297 195.367 2015
Angola 91.939 102.315 108.588 114.449 120.822 2015
Antigua and Barbuda 1.303 1.358 1.429 1.505 1.585 2014
Argentina 541.748 594.975 651.335 709.466 773.445 2014
Armenia 10.754 11.159 11.799 12.512 13.254 2015
Australia 1,256.640 1,343.608 1,413.808 1,493.884 1,574.192 2015
Austria 387.299 401.138 414.848 429.948 446.113 2015
Azerbaijan 35.686 38.541 40.083 42.087 43.770 2015
The Bahamas 9.047 9.345 9.729 10.095 10.540 2015
Bahrain 31.823 33.918 35.703 37.292 39.025 2015
Bangladesh 226.760 246.166 268.611 293.252 319.237 2013
Barbados 4.473 4.640 4.853 5.083 5.327 2015
Belarus 48.126 49.520 51.533 53.582 56.010 2015
Belgium 470.179 488.694 505.629 523.766 543.065 2015
Belize 1.770 1.855 1.939 2.014 2.090 2015
Benin 8.930 9.605 10.347 11.195 12.065 2012
Bhutan 2.085 2.251 2.550 2.965 3.293 2014
Bolivia 35.699 39.795 43.373 47.209 51.193 2015
Bosnia and Herzegovina 16.532 17.329 18.286 19.402 20.725 2015
Botswana 10.948 11.048 11.772 12.728 13.324 2015
Brazil 1,769.601 1,953.861 2,028.923 2,118.323 2,213.760 2014
Brunei Darussalam 10.458 11.820 12.527 14.310 16.553 2015
Bulgaria 50.446 52.667 55.125 57.942 61.087 2015
Burkina Faso 12.006 13.092 14.192 15.451 16.818 2014
Burundi 2.742 2.600 2.644 2.899 3.034 2015
Cabo Verde 1.684 1.779 1.898 2.033 2.183 2015
Cambodia 19.368 20.937 22.743 24.733 26.834 2013
Cameroon 30.870 33.118 35.410 37.819 40.547 2014
Canada 1,532.343 1,627.303 1,700.484 1,776.816 1,855.696 2015
Central African Republic 1.782 2.003 2.248 2.521 2.836 2012
Chad 10.441 11.579 12.408 14.117 15.118 2013
Chile 234.903 242.641 253.973 266.550 280.483 2015
China 11,391.619 12,361.737 13,576.047 14,917.957 16,458.029 2015
Colombia 274.135 300.988 325.195 352.059 380.615 2015
Comoros 0.622 0.657 0.700 0.750 0.806 2015
Democratic Republic of the Congo 39.820 41.889 44.753 47.864 51.189 2013
Republic of Congo 8.834 10.271 11.035 11.701 12.360 2014
Costa Rica 57.689 61.534 65.872 70.357 75.227 2015
Côte d'Ivoire 34.649 38.396 42.424 46.769 51.546 2012
Croatia 49.855 51.473 53.525 56.040 58.857 2015
Cyprus 19.931 20.525 21.419 22.456 23.456 2015
Czech Republic 193.535 201.107 204.885 206.742 208.717 2015
Denmark 302.571 314.766 326.813 340.995 356.532 2015
Djibouti 1.894 2.098 2.323 2.560 2.795 2014
Dominica 0.524 0.548 0.573 0.599 0.626 2014
Dominican Republic 71.457 75.395 79.553 83.940 88.569 2015
Ecuador 99.118 98.107 97.167 97.428 97.156 2015
Egypt n/a n/a n/a n/a n/a 2015
El Salvador 26.610 27.659 28.924 30.222 31.532 2015
Equatorial Guinea 11.638 11.483 11.552 11.740 11.998 2013
Eritrea 5.352 6.050 6.856 7.766 8.137 2006
Estonia 23.476 24.609 25.900 27.376 29.059 2015
Ethiopia 69.218 76.907 84.004 91.363 99.543 2015
Fiji 4.556 4.789 5.035 5.277 5.531 2014
Finland 239.186 247.910 256.238 266.588 278.261 2015
France 2,488.284 2,570.023 2,649.551 2,741.357 2,850.668 2015
Gabon 14.563 15.916 17.241 18.689 20.255 2013
The Gambia 0.886 0.836 0.891 0.952 1.018 2013
Georgia 14.463 15.713 17.214 18.724 20.344 2015
Germany 3,494.898 3,618.621 3,736.315 3,866.652 4,007.765 2015
Ghana 42.761 46.610 51.293 55.807 60.171 2015
Greece 195.878 204.941 214.725 225.331 236.538 2015
Grenada 1.028 1.090 1.146 1.202 1.263 2014
Guatemala 68.389 71.984 76.817 82.022 87.493 2015
Guinea 6.754 6.904 7.307 7.771 8.318 2011
Guinea-Bissau 1.168 1.239 1.332 1.439 1.556 2013
Guyana 3.456 3.691 3.860 4.056 4.247 2015
Haiti 8.259 7.837 7.962 8.243 8.656 2015
Honduras 20.930 21.406 22.065 22.794 23.547 2015
Hong Kong SAR 316.070 326.399 343.152 360.971 379.743 2015
Hungary 117.065 117.993 123.502 129.819 135.140 2015
Iceland 19.444 21.393 22.753 23.953 24.815 2015
India 2,250.987 2,457.748 2,695.183 2,981.818 3,297.453 2016
Indonesia 940.953 1,014.867 1,096.902 1,177.568 1,273.809 2015
Islamic Republic of Iran 412.304 438.334 471.145 505.836 544.904 2015
Iraq 156.323 173.589 184.197 196.037 210.197 2014
Ireland 307.917 325.831 342.849 360.558 379.867 2015
Israel 311.739 327.630 341.978 357.915 374.164 2015
Italy 1,852.499 1,895.318 1,941.899 1,991.147 2,045.978 2015
Jamaica 13.779 14.562 15.329 16.130 16.993 2015
Japan 4,730.300 5,106.259 5,230.423 5,395.573 5,506.436 2015
Jordan 39.453 41.692 44.337 47.263 50.383 2015
Kazakhstan 128.109 148.292 163.566 178.145 197.116 2015
Kenya 69.170 74.740 81.215 88.267 95.476 2015
Kiribati 0.166 0.176 0.182 0.188 0.193 2014
Korea 1,404.383 1,521.000 1,591.301 1,668.970 1,746.814 2015
Kosovo 6.560 6.898 7.305 7.754 8.260 2015
Kuwait 110.455 124.869 134.313 143.521 154.071 2014
Kyrgyz Republic 5.794 6.240 6.743 7.203 7.732 2015
Lao P.D.R. 13.761 14.811 15.971 17.216 18.516 2013
Latvia 27.945 29.636 31.509 33.594 35.880 2015
Lebanon 51.815 53.366 55.624 58.323 61.085 2013
Lesotho 1.806 1.910 2.027 2.119 2.218 2014
Liberia 2.168 2.335 2.553 2.788 3.045 2014
Libya 39.389 51.408 60.750 72.146 87.987 2014
Lithuania 42.776 44.937 47.655 50.747 54.112 2015
Luxembourg 60.984 64.512 68.223 72.201 76.485 2015
Macao SAR 44.066 44.968 45.820 47.306 49.403 2015
FYR Macedonia 10.492 11.105 11.735 12.466 13.327 2015
Madagascar 9.740 10.372 11.021 11.817 12.668 2015
Malawi 5.474 6.364 6.722 7.121 7.604 2011
Malaysia 302.748 336.303 376.682 422.591 472.690 2015
Maldives 3.270 3.491 3.755 4.049 4.378 2014
Mali 14.103 15.172 15.995 16.951 18.123 2015
Malta 10.463 11.151 11.798 12.542 13.339 2015
Marshall Islands 0.188 0.193 0.199 0.204 0.211 2014
Mauritania 4.718 4.791 4.807 4.951 5.249 2014
Mauritius 11.740 12.476 13.171 13.972 14.831 2015
Mexico 1,063.606 1,124.316 1,182.511 1,250.764 1,324.518 2015
Micronesia 0.325 0.332 0.340 0.350 0.358 2013
Moldova 6.650 7.034 7.363 7.833 8.309 2015
Mongolia 11.164 11.185 11.746 12.601 13.810 2015
Montenegro 4.242 4.455 4.648 4.947 5.230 2014
Morocco 104.908 111.085 116.997 124.575 132.976 2015
Mozambique 12.045 11.445 12.745 14.068 15.544 2015
Myanmar 68.277 75.745 83.935 92.775 102.453 2015
Namibia 10.183 10.905 11.650 12.444 13.309 2014
Nepal 21.154 23.824 25.936 28.175 30.542 2015
Netherlands 769.930 799.847 828.468 860.000 893.249 2015
New Zealand 179.359 192.816 202.379 212.936 224.908 2015
Nicaragua 13.413 14.294 15.241 16.215 17.250 2015
Niger 7.566 8.141 8.780 9.690 10.517 2014
Nigeria 415.080 413.685 443.932 459.113 482.716 2015
Norway 376.268 392.708 405.726 419.350 432.002 2015
Oman 59.675 65.796 70.249 73.463 77.109 2015
Pakistan n/a n/a n/a n/a n/a 2015
Palau 0.296 0.319 0.341 0.362 0.380 2014
Panama 55.227 59.307 64.183 69.591 75.313 2015
Papua New Guinea 19.915 20.762 21.626 23.010 24.615 2013
Paraguay 27.323 28.581 30.248 32.053 33.995 2015
Peru 180.291 192.619 204.857 217.226 230.374 2015
Philippines 311.687 348.593 389.484 435.905 487.989 2015
Poland 467.350 488.423 517.149 548.511 582.712 2015
Portugal 205.860 213.001 219.604 227.000 235.232 2015
Puerto Rico 100.852 100.467 100.081 100.300 100.676 2015
Qatar 156.595 170.790 189.114 203.053 215.721 2014
Romania 186.514 197.004 210.100 224.235 239.553 2015
Russia 1,267.754 1,442.406 1,530.246 1,610.137 1,698.192 2015
Rwanda 8.341 8.569 8.941 9.590 10.482 2014
Samoa 0.876 0.899 0.934 0.966 1.003 2015
San Marino 1.556 1.603 1.650 1.700 1.756 2014
São Tomé and Príncipe 0.351 0.375 0.403 0.437 0.478 2015
Saudi Arabia 637.785 689.004 740.218 777.819 816.567 2015
Senegal 14.870 16.172 17.633 19.332 21.222 2015
Serbia 37.755 39.541 42.139 45.135 48.605 2015
Seychelles 1.419 1.493 1.585 1.668 1.765 2014
Sierra Leone 4.289 4.444 4.757 5.117 5.512 2014
Singapore 296.642 311.282 322.706 334.713 347.073 2015
Slovak Republic 90.263 94.760 100.058 106.121 112.874 2015
Slovenia 44.122 45.917 47.565 49.621 51.837 2015
Solomon Islands 1.218 1.274 1.338 1.413 1.498 2014
South Africa 280.367 288.199 298.359 311.249 325.077 2015
South Sudan 2.628 3.618 4.286 4.685 5.342 2014
Spain 1,252.163 1,302.950 1,348.509 1,400.416 1,456.623 2015
Sri Lanka 82.239 87.626 94.898 102.329 110.551 2015
St. Kitts and Nevis 0.955 1.006 1.062 1.117 1.173 2014
St. Lucia 1.439 1.513 1.587 1.661 1.738 2014
St. Vincent and the Grenadines 0.766 0.797 0.830 0.865 0.904 2015
Sudan 94.297 112.519 130.146 149.697 172.828 2010
Suriname 4.137 4.442 4.802 5.061 5.257 2014
Swaziland 3.430 3.494 3.548 3.610 3.685 2015
Sweden 517.440 532.356 546.394 564.711 581.572 2015
Switzerland 662.483 684.386 702.235 722.322 744.784 2015
Syria n/a n/a n/a n/a n/a 2010
Taiwan Province of China 519.149 535.543 549.112 567.754 590.364 2015
Tajikistan 6.612 6.848 7.226 7.784 8.443 2014
Tanzania 46.695 50.475 55.053 59.902 65.065 2015
Thailand 390.592 403.640 417.385 436.467 457.212 2015
Timor-Leste 2.501 2.672 2.873 2.962 3.096 2014
Togo 4.520 4.896 5.260 5.636 6.054 2014
Tonga 0.430 0.446 0.466 0.488 0.509 2014
Trinidad and Tobago 22.809 23.645 25.448 27.093 28.648 2012
Tunisia 42.388 41.667 42.053 44.228 46.766 2014
Turkey 735.716 769.474 811.927 860.991 912.534 2015
Turkmenistan 36.573 39.576 42.153 44.973 48.081 2015
Tuvalu 0.032 0.034 0.035 0.036 0.038 2012
Uganda 25.613 27.643 29.723 32.060 35.206 2014
Ukraine 87.198 95.297 104.897 114.525 125.257 2015
United Arab Emirates 375.022 407.571 434.812 463.416 496.920 2014
United Kingdom 2,649.893 2,609.912 2,709.190 2,814.257 2,927.636 2015
United States 18,561.934 19,377.203 20,250.829 21,104.770 21,926.509 2015
Uruguay 54.374 58.145 61.535 65.275 69.002 2014
Uzbekistan 66.797 67.139 70.848 74.868 79.380 2014
Vanuatu 0.773 0.829 0.886 0.944 1.000 2014
Venezuela 333.715 314.103 210.164 198.041 192.750 2013
Vietnam 200.493 215.919 234.189 254.324 275.762 2015
Yemen 31.326 37.307 41.797 45.333 49.041 2008
Zambia 20.574 20.916 22.207 24.112 26.200 2014
Zimbabwe 14.193 14.556 15.025 15.525 16.072 2013

